2 0.732759 0.354153 0.227586 0.145525
2 0.349138 0.458146 0.200000 0.137154
2 0.434052 0.591436 0.161207 0.135866
2 0.840948 0.623310 0.212931 0.172569
2 0.865517 0.472634 0.246552 0.112041
2 0.540086 0.126207 0.140517 0.150676
2 0.728017 0.137798 0.199138 0.121056
2 0.730603 0.236317 0.231897 0.075982
2 0.903879 0.258210 0.142241 0.144237
2 0.420690 0.272698 0.196552 0.102382
2 0.193534 0.485190 0.175000 0.164198
2 0.069828 0.553767 0.136207 0.142949
2 0.066379 0.754990 0.131034 0.110109
2 0.116810 0.920798 0.231897 0.158403
2 0.256466 0.858983 0.218103 0.124920
2 0.447845 0.934321 0.180172 0.131359
2 0.586638 0.896330 0.240517 0.197038
2 0.265517 0.689955 0.200000 0.168062
2 0.450862 0.755956 0.217241 0.133934
2 0.890086 0.905988 0.206034 0.145525
2 0.623276 0.605602 0.177586 0.116549
2 0.534052 0.470702 0.183621 0.118480
