2 0.417000 0.241000 0.142000 0.230000
2 0.317000 0.429000 0.174000 0.186000
2 0.303000 0.616000 0.186000 0.168000
2 0.644000 0.405000 0.188000 0.146000
2 0.510000 0.504000 0.204000 0.112000
2 0.667000 0.218000 0.154000 0.148000
2 0.919000 0.160000 0.154000 0.176000
2 0.860000 0.472000 0.140000 0.208000
2 0.663000 0.772000 0.258000 0.156000
2 0.361000 0.099000 0.218000 0.126000
2 0.191000 0.508000 0.158000 0.156000
2 0.506000 0.619000 0.212000 0.150000
2 0.865000 0.857000 0.134000 0.150000
2 0.862000 0.291000 0.220000 0.198000
2 0.808000 0.680000 0.116000 0.144000
2 0.705000 0.593000 0.186000 0.210000
2 0.411000 0.783000 0.122000 0.186000
2 0.925000 0.695000 0.150000 0.206000
