5 0.266667 0.294167 0.236667 0.231667
5 0.483750 0.408750 0.255833 0.239167
5 0.130000 0.513333 0.253333 0.218333
5 0.312500 0.677917 0.248333 0.227500
5 0.549167 0.670417 0.261667 0.215833
5 0.706667 0.815417 0.240000 0.187500
5 0.864583 0.663333 0.205833 0.190000
5 0.733333 0.471667 0.218333 0.235000
5 0.781250 0.233333 0.235833 0.226667
5 0.495417 0.148333 0.204167 0.201667
5 0.276250 0.286250 0.245833 0.210833
5 0.245000 0.063750 0.233333 0.125833
5 0.047083 0.261250 0.092500 0.252500
5 0.088333 0.112083 0.175000 0.220833
5 0.060417 0.690417 0.119167 0.209167
5 0.135000 0.867917 0.183333 0.209167
5 0.397083 0.870417 0.209167 0.217500
5 0.928333 0.889167 0.143333 0.221667
5 0.925417 0.432917 0.149167 0.242500
