2 0.618750 0.459583 0.285833 0.290833
2 0.344583 0.451667 0.225833 0.205000
2 0.445000 0.641250 0.258333 0.217500
2 0.275000 0.840417 0.305000 0.185833
2 0.741250 0.837917 0.212500 0.235833
2 0.858750 0.677500 0.282500 0.211667
2 0.653333 0.204583 0.196667 0.159167
2 0.400000 0.092083 0.255000 0.177500
2 0.276667 0.238333 0.191667 0.165000
2 0.164583 0.368333 0.207500 0.161667
2 0.081667 0.215833 0.156667 0.216667
2 0.078333 0.508750 0.155000 0.239167
2 0.239583 0.655000 0.097500 0.158333
2 0.132083 0.686667 0.154167 0.105000
2 0.086667 0.943750 0.171667 0.112500
