2 0.133750 0.375000 0.114167 0.140000
2 0.791667 0.277500 0.181667 0.155000
2 0.637917 0.160833 0.160833 0.143333
2 0.821250 0.447083 0.227500 0.174167
2 0.588750 0.525417 0.132500 0.144167
2 0.648333 0.350417 0.141667 0.142500
2 0.364167 0.215417 0.185000 0.197500
2 0.317917 0.570833 0.132500 0.106667
2 0.850000 0.657500 0.111667 0.105000
2 0.432917 0.488750 0.147500 0.117500
2 0.645000 0.697500 0.145000 0.130000
2 0.755417 0.780000 0.175833 0.143333
2 0.464583 0.620417 0.100833 0.145833
2 0.377083 0.691250 0.105833 0.112500
